1526054403.398134 45251
1526054465.3756373 43752
1526054527.0403852 44471
1526054588.6410415 44361
1526054650.8156486 44294
1526054712.377281 44637
1526054773.9203227 44315
1526054836.8204105 43359
1526054898.2064333 42444
1526054959.700527 43299
1526055023.893407 43192
1526055085.425458 41907
1526055146.9076743 42346
1526055208.4921355 42487
1526055270.583104 42036
1526055332.2254019 41671
1526055394.0258713 43320
1526055455.8694043 42540
1526055517.8502114 43617
1526055579.064958 43982
1526055640.2326856 45506
1526055702.4209468 42108
1526055764.383646 42860
1526055826.2191002 43790
1526055887.7267387 43088
1526055949.5469203 42080
1526056012.2027512 42925
1526056073.857139 43511
1526056136.0373552 43694
1526056200.7019053 42344
1526056263.1787403 41761
1526056327.346299 42133
1526056389.085243 42346
1526056450.565148 41725
1526056512.4947813 41088
1526056577.5229678 43302
1526056639.520178 42859
1526056700.8865933 43369
1526056762.8534856 41376
1526056825.0959766 41193
1526056886.7988384 40486
1526056948.0856829 40168
1526057009.375397 39357
1526057070.889033 40028
1526057132.2806516 39261
1526057193.6743436 35942
1526057255.206409 34817
1526057318.1660562 36219
1526057379.4642644 37218
1526057442.9014072 38400
1526057504.1419716 38889
1526057565.5670168 38536
1526057627.4286501 39639
1526057688.8337917 37700
1526057750.0358987 37658
1526057811.8057053 39028
1526057873.0455256 39491
1526057934.6752305 40384
1526057996.075123 41186
1526058057.572857 40715
1526058119.6570861 40952
1526058180.9675794 40520
1526058242.845557 41170
1526058304.2720554 40834
1526058365.492951 40448
1526058429.5642085 41268
1526058492.032361 39891
1526058553.4962025 40544
1526058615.42881 40357
1526058676.7901006 41524
1526058738.0262597 42593
1526058800.7977011 42509
1526058862.4324942 42268
1526058923.641059 44224
1526058984.9104066 44666
1526059046.1349423 45175
1526059108.2918437 44602
1526059169.5309067 44957
1526059230.8025992 43203
1526059292.397451 42594
1526059354.3191369 42069
1526059415.9871395 42067
1526059477.598542 42153
1526059539.0327964 44077
1526059600.2589257 41766
1526059661.6852803 41682
1526059724.4915292 40804
1526059785.7520056 41148
1526059847.1860347 42267
1526059909.4397786 42942
1526059970.707402 43041
1526060031.9908729 43959
1526060093.828124 43585
1526060155.2357988 45835
1526060216.466912 43613
1526060277.9850614 43567
1526060339.2838225 44328
1526060400.512298 43985
1526060461.898462 44371
1526060523.539924 42765
1526060584.999515 41990
1526060646.3282604 42560
1526060707.8647585 41563
1526060769.473524 41539
1526060831.4558635 41858
1526060893.1874146 42499
1526060955.155009 42931
1526061016.443619 43354
1526061077.9480937 42008
1526061139.8251762 41387
1526061201.4222538 41400
1526061262.9219391 42326
1526061324.3861887 41790
1526061385.5022805 41465
1526061446.8487382 41957
1526061508.0826468 40518
1526061569.2887714 41153
1526061631.108801 40494
1526061692.5216923 43527
1526061753.7952743 42480
1526061815.1001947 42092
1526061877.1457589 43323
1526061938.3142257 41961
1526061999.717918 41418
1526062060.8870819 40838
1526062122.5021608 42069
1526062183.8350782 42842
1526062245.040172 42618
1526062306.2681415 41842
1526062367.468446 43494
1526062428.841653 43082
1526062490.223972 43129
1526062551.534446 43363
1526062612.7685947 43311
1526062674.0094903 43239
1526062735.1569784 42019
1526062796.3737445 42355
1526062857.5596302 43201
1526062918.788839 43579
1526062980.7756064 44094
1526063042.0078437 43860
1526063103.9364738 43953
1526063165.3414257 43779
1526063226.539252 42219
1526063288.6284068 43331
1526063350.100266 43396
1526063412.4482858 43714
1526063473.6324694 41730
1526063534.8450396 41783
1526063596.0258393 40043
1526063657.1704674 40520
1526063719.7407963 40909
1526063781.1181216 39017
1526063842.8485913 41564
1526063904.0513253 41595
1526063965.254698 39127
1526064026.479787 38501
1526064088.277725 39526
1526064149.49617 39797
1526064210.7883441 39644
1526064272.0241363 39477
1526064333.2362056 38870
1526064394.4458663 39282
1526064455.6656513 40202
1526064517.032674 39591
1526064578.2835178 41430
1526064641.043524 41099
1526064702.2542417 37973
1526064763.5136955 38366
1526064824.7218747 40281
1526064886.8919244 40821
1526064948.2669375 41179
1526065009.548615 39258
1526065106.273741 40882
1526065167.4665234 39417
1526065228.8099666 39767
1526065290.384884 39698
1526065351.6064844 39163
1526065412.8458092 40009
1526065474.610268 38996
1526065535.9279454 40056
1526065597.1279213 39859
1526065658.5621295 41090
1526065719.9511986 41189
1526065781.4052582 40811
1526065842.6501062 40635
1526065903.9524586 41470
1526065965.2953022 42162
1526066026.521779 43471
1526066087.7744298 42343
1526066148.9980223 41463
1526066210.3694491 40525
1526066271.5096097 40992
1526066332.7286875 40978
1526066393.9624612 40673
1526066455.1679978 41508
1526066516.3072908 39042
1526066577.532881 39069
1526066638.7643156 40259
1526066699.9922476 39358
1526066761.1920297 39896
1526066822.576473 39981
1526066883.8754165 38709
1526066945.0855405 39429
1526067006.379111 38404
1526067067.77841 38276
1526067128.9797306 38073
1526067190.2444837 38157
1526067251.8975527 37744
1526067313.0946229 39219
1526067374.4573524 38706
1526067435.662368 38883
1526067496.9144433 38936
1526067558.118668 38717
1526067619.4121656 36599
1526067680.610966 37494
1526067741.8199801 37667
1526067803.0163908 38153
1526067864.6257563 38789
1526067926.0015836 40271
1526067987.2079678 39789
1526068048.4426796 39732
1526068109.661066 39019
1526068170.8775504 39892
1526068232.0873733 40039
1526068293.447132 39577
1526068354.6656299 39872
1526068415.7976978 39500
1526068477.018341 40088
1526068538.5493686 40053
1526068599.7757797 39671
1526068660.9936445 40576
1526068722.2296648 38648
1526068783.89406 39343
1526068845.2774932 39790
1526068906.6696556 40059
1526068968.0611575 39916
1526069029.462955 40074
1526069090.8490548 38507
1526069152.2391717 38222
1526069213.6188378 37836
1526069275.0126605 36394
1526069336.410506 37723
1526069397.8219068 38167
1526069459.2339742 37194
1526069520.6460187 37586
1526069582.0099976 38875
1526069643.4435356 38196
1526069704.8266296 38141
1526069766.2058697 36074
1526069827.5955837 35526
1526069888.9888003 36742
1526069950.2308571 36977
1526070011.6383557 36473
1526070073.0390985 35758
1526070134.4229403 36694
1526070195.8148437 36063
1526070258.6357844 35885
1526070320.063061 36092
1526070381.461537 35115
1526070442.859905 35798
1526070504.7524917 36817
1526070566.2690601 37387
1526070627.4713385 38982
1526070688.586887 38668
1526070749.7871177 39398
1526070810.9908845 38898
1526070872.202152 39688
1526070933.4203486 39618
1526070994.5508206 39720
1526071055.7558837 38471
1526071116.9641008 41311
1526071178.442703 39700
1526071239.638996 40998
1526071300.8386128 40873
1526071362.0375586 39980
1526071423.2377977 38329
1526071484.452834 38529
1526071545.6580741 39725
1526071606.8521457 39856
1526071668.0448372 39497
1526071729.2556162 37359
1526071790.4677927 38893
1526071851.6864905 39755
1526071913.4697216 39068
1526071974.665579 38841
1526072035.8617637 39901
1526072097.0271695 39970
1526072158.2367432 41062
1526072219.443119 39893
1526072280.6657102 41054
1526072341.8606143 38994
1526072403.0379038 40346
1526072464.2662172 41205
1526072525.474038 39055
1526072586.6349995 38237
1526072647.8629823 39575
1526072709.0781715 38582
1526072770.2814603 38519
1526072831.5083258 37317
1526072892.7066088 38314
1526072953.9287279 40159
1526073015.1380982 38453
1526073076.342422 37951
1526073137.552442 40027
1526073198.761863 40688
1526073259.9550576 40690
1526073321.1749768 41416
1526073382.4024308 40706
1526073443.6052325 40588
1526073504.8200102 40033
1526073566.0325043 40752
1526073627.2508795 40088
1526073688.453318 41916
1526073749.6262403 42917
1526073810.8324604 40602
1526073872.0315206 40230
1526073933.2402604 40389
1526073994.473421 41078
1526074055.622359 42618
1526074116.8083384 42608
1526074178.0128958 43480
1526074239.1541543 42421
1526074300.3609598 45210
1526074361.5642636 45869
1526074422.7703097 42745
1526074483.9846394 44091
1526074545.1986942 43112
1526074606.432091 43012
1526074667.6355975 42437
1526074728.8410978 43116
1526074790.0404341 42781
1526074851.257309 42291
1526074912.458414 42626
1526074973.969473 43085
1526075035.1696768 42431
1526075096.4085002 40554
1526075157.6214774 41745
1526075218.7647352 40421
1526075279.977634 39746
1526075341.2021496 40345
1526075402.3994968 40003
1526075463.606313 40195
1526075524.8220766 39829
1526075586.0130608 38869
1526075647.2156937 39490
1526075708.4159882 38956
1526075769.608202 39417
1526075830.7978482 39277
1526075892.0167415 40435
1526075954.0657077 39989
1526076015.2684636 40906
1526076076.4672124 40913
1526076137.5989501 40411
1526076198.739187 39481
1526076259.958752 40309
1526076321.1007607 37617
1526076382.2798104 37661
1526076443.6414602 38642
1526076504.8633223 37972
1526076566.1205301 37808
1526076627.3448904 37565
1526076688.4988062 37764
1526076749.7099023 37391
1526076810.9136693 37107
1526076872.1340027 36102
1526076933.2553055 36349
1526076994.4666014 37195
1526077055.6787357 37048
1526077116.893574 37073
1526077178.1092064 37022
1526077239.3066945 37296
1526077300.5101485 36743
1526077361.7237678 36609
1526077422.922661 37646
1526077484.122719 37319
1526077545.327562 37064
1526077606.5314183 38457
1526077667.7384992 38878
1526077728.8845072 39093
1526077790.1101606 39152
1526077851.3375828 39074
1526077912.533151 37219
1526077973.662857 37316
1526078034.793914 38298
1526078096.0795834 37240
1526078157.247421 37051
1526078218.4650671 36971
1526078279.650831 37198
1526078340.8508646 36979
1526078402.0515068 35373
1526078463.2804403 36188
1526078524.4771898 36101
1526078585.703097 36760
1526078646.901199 36600
1526078708.1634176 36644
1526078769.4010255 37786
1526078830.5968099 37786
1526078891.7880943 36455
1526078953.0158772 36807
1526079014.7399657 37806
1526079075.9618034 37882
1526079137.181908 37977
1526079198.391834 37431
1526079259.5234156 37258
1526079320.7298682 37929
1526079381.94901 38610
1526079443.171423 38571
1526079504.3953264 38582
1526079565.60494 37851
1526079626.8287356 37038
1526079688.0224383 38382
1526079749.2596636 38005
1526079810.4630864 38808
1526079871.6687987 39831
1526079932.883783 39523
1526079994.0972784 41352
