1526035257.8967054 42396
1526035320.926825 41339
1526035382.859713 40907
1526035445.2774007 40401
1526035508.0563726 41746
1526035569.6993668 43587
1526035631.2224588 43816
1526035693.8031516 45142
1526035755.434751 44911
1526035817.4361253 45674
1526035879.123472 46054
1526035941.0273533 46251
1526036002.719031 47755
1526036064.371784 46321
1526036126.810624 46962
1526036189.3304281 45412
1526036251.2069402 45308
1526036314.4597542 45903
1526036376.775208 44296
1526036438.9997058 43593
1526036500.7996292 42434
1526036562.4117138 43937
1526036624.0277874 45502
1526036688.6578767 45043
1526036750.9211178 43868
1526036812.4647639 46213
1526036876.319724 46480
1526036938.9099011 46686
1526037000.5255897 47121
1526037062.9429033 44845
1526037124.4160523 46895
1526037185.7794297 46629
1526037247.317881 46430
1526037311.2444925 46208
1526037375.7494056 47016
1526037442.8842525 47752
1526037504.5909507 47020
1526037566.428645 49661
1526037628.9014165 48172
1526037691.1088793 48223
1526037754.6226728 46815
1526037817.0952919 47618
1526037879.041738 46923
1526037941.6003702 46735
1526038004.8838425 46742
1526038067.5731578 46179
1526038130.2663834 47073
1526038191.9806826 46188
1526038253.5227518 46003
1526038315.5744462 45687
1526038377.6091008 45875
1526038441.6750565 47037
1526038503.8609302 48645
1526038565.443523 49757
1526038627.9561975 44466
1526038689.9796138 46748
1526038755.1367447 44045
1526038816.8143735 44990
1526038880.0187263 45464
1526038942.4692497 45557
1526039004.8277235 44034
1526039066.3369958 45033
1526039129.406287 46234
1526039193.029116 45781
1526039255.1741042 46426
1526039317.1117249 47220
1526039378.7174942 46784
1526039440.3736565 45008
1526039501.9896867 43354
1526039564.1939077 45031
1526039626.2095947 42171
1526039688.7740679 42307
1526039751.206885 42845
1526039812.9354253 43616
1526039875.5138543 45168
1526039937.816105 43967
1526039999.4986672 42929
1526040061.2966378 44183
1526040124.0969467 44032
1526040186.7887056 43982
1526040249.2355745 44372
1526040311.1138556 45093
1526040374.7272406 43685
1526040436.313568 41411
1526040498.0801425 42982
1526040559.8086646 43639
1526040622.2371387 40600
1526040684.8173792 40998
1526040748.3391027 41322
1526040810.926952 41380
1526040872.5150092 42242
1526040934.541366 42041
1526040996.1918886 42871
1526041057.724934 43136
1526041120.566427 44436
1526041182.1404822 44235
1526041243.6527307 44350
1526041305.4515984 43321
1526041367.293854 44795
1526041429.3641095 44234
1526041491.0335152 44756
1526041554.2651293 44190
1526041615.9331398 46634
1526041678.9060218 45714
1526041740.5077019 43777
1526041802.928911 45013
1526041864.5617056 43559
1526041926.7196612 41497
1526041988.298554 41719
1526042050.2860239 43805
1526042112.9808736 41437
1526042175.406218 42788
1526042237.8703897 41294
1526042300.6084752 41814
1526042362.7595053 41794
1526042425.0857408 43063
1526042487.6587732 44946
1526042550.8302064 45132
1526042613.4224195 43797
1526042676.2348714 43992
1526042737.991374 43572
1526042799.6868548 43941
1526042862.4149308 43582
1526042924.1096673 45470
1526042986.2510264 45122
1526043048.0968192 45861
1526043109.856939 46129
1526043171.5191085 46621
1526043235.117672 47260
1526043297.7157393 48383
1526043359.432469 48885
1526043421.265485 48572
1526043485.7761703 48604
1526043547.1849875 48106
1526043609.017914 47413
1526043670.6691477 46053
1526043732.2931156 46202
1526043794.1881526 46397
1526043857.9666145 45601
1526043919.5368438 45478
1526043983.2624788 45158
1526044046.34214 46138
1526044108.1751716 46968
1526044170.5003862 46027
1526044232.9591222 44956
1526044296.2995858 45446
1526044358.794364 47666
1526044420.7104018 45792
1526044482.7084126 46199
1526044546.1232026 46634
1526044608.146737 45909
1526044671.65659 46794
1526044733.2279334 46081
1526044795.2563963 46962
1526044858.4093692 47600
1526044921.1367955 47015
1526044985.0257783 45268
1526045046.6484187 45860
1526045109.0840766 43781
1526045170.861661 42499
1526045233.9793108 43984
1526045296.096065 41650
1526045357.699643 42280
1526045419.5170038 42085
1526045481.978852 42056
1526045544.071088 43297
1526045605.865796 42516
1526045669.1161816 43107
1526045730.7267494 43706
1526045792.577517 45329
1526045855.757087 45840
1526045917.891818 43313
1526045979.5535135 44594
1526046041.8071706 44969
1526046103.7567165 44219
1526046166.7610798 42803
1526046228.407013 42280
1526046291.097431 41586
1526046353.0630186 42874
1526046414.8487647 42877
1526046476.9797919 40697
1526046539.181377 41283
1526046600.7989893 41678
1526046662.8491867 41370
1526046724.4842608 41455
1526046789.8772035 41685
1526046851.8248386 42580
1526046914.7368777 43969
1526046976.3902578 44424
1526047038.359599 43252
1526047100.385245 43100
1526047162.2636669 43356
1526047224.781767 40511
1526047286.3110518 44243
1526047348.392475 46453
1526047410.0748756 47062
1526047471.710297 47577
1526047535.4530714 48504
1526047597.325167 48928
1526047658.7990696 46231
1526047720.3378236 45207
1526047782.1322727 44967
1526047843.7469623 44275
1526047906.4338262 45606
1526047969.395781 45163
1526048031.2210732 45244
1526048094.5675726 44964
1526048156.5099485 45350
1526048218.1834388 46787
1526048280.1752055 46838
1526048342.5368562 45243
1526048404.4731944 46327
1526048466.0988739 45080
1526048527.956806 46076
1526048592.029191 46935
1526048653.626245 47619
1526048715.3249943 46348
1526048778.6802707 45596
1526048840.5025344 44576
1526048903.156475 45482
1526048964.9619308 44830
1526049026.8347661 45403
1526049090.71898 46682
1526049152.3319852 45491
1526049214.5962832 45458
1526049276.1034234 45602
1526049337.9034486 42742
1526049400.4389968 41445
1526049462.1176193 42568
1526049524.83342 41881
1526049586.2131207 43164
1526049648.6954215 43636
1526049711.7793648 42631
1526049775.9858308 44558
1526049839.4571319 44042
1526049903.0781507 43253
1526049967.0999472 43681
1526050033.233094 44913
1526050095.511025 45767
1526050158.9538598 45705
1526050222.0906556 45725
1526050283.6887267 45568
1526050347.123557 44942
1526050410.0612938 44808
1526050471.9840686 46720
1526050535.0754335 47475
1526050598.2431402 48305
1526050659.717247 47504
1526050721.8955593 44747
1526050786.8962908 46169
1526050850.4348986 46008
1526050912.0149288 47828
1526050973.9809437 47947
1526051036.6075625 45863
1526051100.0553684 45868
1526051162.7966213 46507
1526051224.894963 47676
1526051286.924005 46350
1526051350.4242647 45068
1526051412.08515 43670
1526051473.918709 43831
1526051536.1213078 43257
1526051598.338317 43579
1526051659.9575746 43284
1526051724.1636012 42448
1526051788.0912418 41724
1526051850.4955819 43925
1526051912.21987 43953
1526051974.6641376 45607
1526052036.700058 45187
1526052098.2126896 44445
1526052162.244242 44882
1526052224.8273847 45243
1526052286.9687538 45122
1526052348.6929204 44450
1526052412.2123408 44587
1526052473.8316197 42176
1526052536.15694 42277
1526052597.8368132 42517
1526052660.4853647 42063
1526052722.401757 40489
1526052785.1743865 41272
1526052846.6832933 43829
1526052909.1603177 44401
1526052971.5451581 44962
1526053033.3039794 46316
1526053096.0689855 45969
1526053160.0709403 44790
1526053221.82861 44849
1526053283.5678496 44498
1526053345.407895 45073
1526053406.7758434 45042
1526053468.6358833 44483
1526053531.8842986 44181
1526053593.553587 46787
1526053655.9196424 42596
1526053717.3199542 44183
1526053781.162047 44100
1526053843.0515578 40377
1526053904.6479776 41374
1526053966.8391366 41294
1526054029.2426734 43051
1526054092.2389734 43154
1526054154.6416416 43364
1526054218.0743396 42778
1526054279.9123988 43819
1526054341.4890738 44688
