1526035210.1712394 85020
1526035272.165167 84614
1526035333.6355977 84326
1526035395.3096004 83997
1526035457.422271 84152
1526035518.9393063 85540
1526035580.9677532 86573
1526035643.459648 86229
1526035705.7030928 86090
1526035767.4573333 86383
1526035828.8070164 86282
1526035891.2409759 86431
1526035952.9239488 86426
1526036014.5067484 86335
1526036075.9641497 86276
1526036137.6793747 86495
1526036199.1505861 86779
1526036261.552776 86564
1526036323.5733697 86458
1526036384.9031622 86149
1526036446.2922945 86151
1526036507.6062322 86113
1526036569.0496535 85936
1526036630.4541802 86376
1526036692.4863756 86476
1526036755.5458796 85985
1526036817.4276526 86393
1526036878.785159 86227
1526036940.3624573 85795
1526037001.6634197 86024
1526037064.9512804 85927
1526037126.174833 86041
1526037187.4154441 88161
1526037249.6522107 88645
1526037312.7249935 88345
1526037375.1634212 88478
1526037436.6930733 88003
1526037498.304553 88186
1526037559.7448134 88119
1526037621.0884762 88154
1526037683.0736635 88167
1526037744.499983 87913
1526037806.1309009 87726
1526037867.4989016 87746
1526037929.4899685 87495
1526037991.769202 87495
1526038053.0666854 90332
1526038114.8191178 89580
1526038176.1889482 89302
1526038237.336687 89188
1526038298.8528256 88778
1526038361.4322877 88592
1526038423.4336886 88830
1526038485.5373425 89583
1526038547.9496148 89930
1526038609.1679873 90073
1526038671.7675624 89942
1526038733.1727211 90202
1526038794.7242703 89973
1526038856.2642848 89470
1526038919.252542 89689
1526038980.6937516 89739
1526039042.5609484 89804
1526039103.980993 89960
1526039165.4303055 89955
1526039226.778591 89721
1526039288.108092 89724
1526039350.594746 89752
1526039411.9853187 90287
1526039473.4060378 90113
1526039535.1786122 89755
1526039596.7824786 89959
1526039658.152773 89796
1526039719.7843666 89885
1526039781.441903 89244
1526039842.946405 89634
1526039904.7043395 89486
1526039967.7858999 90056
1526040029.7111654 90304
1526040091.2079892 90298
1526040153.27957 90473
1526040216.8372571 90213
1526040278.554706 90026
1526040340.6657708 89947
1526040402.545056 89946
1526040463.9257898 90734
1526040526.4478135 90895
1526040588.2386632 90471
1526040649.6665208 90608
1526040711.4825082 90218
1526040772.9620867 90215
1526040834.3489015 90037
1526040895.839981 90655
1526040958.1061823 90036
1526041020.436205 90359
1526041081.848633 90694
1526041143.2885711 90421
1526041204.796214 90394
1526041266.2039912 90565
1526041327.5672235 90445
1526041388.9632547 90482
1526041450.2313235 90292
1526041512.2886431 90633
1526041575.0017974 90773
1526041636.4097896 91048
1526041698.6667397 90931
1526041760.8266957 90811
1526041822.6409364 90902
1526041884.0614357 90693
1526041946.5518026 90568
1526042008.3417292 91025
1526042069.7998104 91215
1526042131.8090994 90704
1526042194.4720964 90862
1526042256.096229 90729
1526042317.566651 90958
1526042379.0634413 91215
1526042440.3456929 90901
1526042501.593412 90901
1526042563.675935 91675
1526042628.6895897 91678
1526042690.6800716 91280
1526042752.0813966 91161
1526042814.9740174 91229
1526042876.3491051 91554
1526042937.769204 91731
1526042999.217649 91731
1526043060.654035 91769
1526043126.940803 92113
1526043190.9483151 92109
1526043253.211098 92109
1526043315.088652 91759
1526043377.484632 91759
1526043439.3025188 92101
1526043500.8448553 91601
1526043562.533663 91601
1526043624.3396492 92288
1526043687.1743543 92006
1526043748.5838687 91664
1526043810.0201664 91732
1526043871.388195 91553
1526043932.6752052 91394
1526043995.705846 90916
1526044057.0935378 90916
1526044119.233279 91788
1526044181.6229575 91412
1526044248.1446836 91055
1526044309.3557823 91255
1526044371.6018648 91120
1526044433.3991153 91265
1526044494.856137 91472
1526044557.177724 91538
1526044618.443219 91699
1526044679.9290385 91548
1526044742.5297453 92213
1526044804.920848 92499
1526044866.2296433 92571
1526044927.6203744 92234
1526044989.6640637 92197
1526045051.4089472 92241
1526045113.0467007 92435
1526045174.8562298 92223
1526045239.8456585 92402
1526045301.309393 92336
1526045363.721792 92503
1526045425.177779 92631
1526045488.327142 92610
1526045550.0443711 92614
1526045612.578707 92397
1526045673.7860138 92313
1526045735.6412513 92726
1526045800.1659698 93067
1526045862.6838334 93314
1526045925.024396 92758
1526045986.5407054 92458
1526046047.9732392 92467
1526046110.0181034 92139
1526046171.3356051 92222
1526046232.9745815 92135
1526046294.7592542 92041
1526046356.4473135 92263
1526046417.904958 91780
1526046479.37228 91560
1526046541.7094424 91234
1526046603.4270666 91080
1526046666.1188488 90932
1526046729.0139992 90932
1526046790.287305 90751
1526046851.7221973 91285
1526046913.4790807 91406
1526046975.2792315 90892
1526047037.2257254 90669
1526047098.6356676 90658
1526047160.0566692 90937
1526047221.439544 90834
1526047283.5140808 90950
1526047345.5957482 91368
1526047407.0482886 91574
1526047469.9679768 91579
1526047532.3590534 91203
1526047593.6896632 91902
1526047656.0941162 92349
1526047718.5827932 92197
1526047780.4917228 91496
1526047841.8199747 91659
1526047903.3718593 91593
1526047966.9151177 91693
1526048029.1573555 91439
1526048092.270179 91223
1526048154.6068757 91368
1526048216.9000864 91496
1526048278.513739 91527
1526048341.3102849 91265
1526048403.551018 91376
1526048466.1710181 91266
1526048528.4795206 91491
1526048590.4079704 92251
1526048653.316973 92462
1526048715.2227054 92031
1526048778.543125 91801
1526048840.3558667 91664
1526048902.4946156 91664
1526048964.271568 92068
1526049026.4411278 92056
1526049088.7021425 92295
1526049150.0965436 92229
1526049211.8433077 92149
1526049273.3949342 91886
1526049335.0256655 91985
1526049396.3471537 92020
1526049458.6943858 92395
1526049521.0148308 92491
1526049585.0503654 92582
1526049648.8230162 92456
1526049713.0849798 95045
1526049774.492524 95151
1526049836.4500897 94871
1526049899.2477036 95001
1526049960.958363 95099
1526050022.6583774 95149
1526050084.452669 95112
1526050146.7132359 94908
1526050208.3227437 94804
1526050271.3309648 94441
1526050332.8689122 94618
1526050395.567306 94242
1526050457.221153 94640
1526050518.9540946 94527
1526050580.3133035 94393
1526050641.993647 94727
1526050705.8811162 94463
1526050768.8429055 94348
1526050830.5435014 94140
1526050892.3370805 95268
1526050954.46135 95193
1526051015.8022244 93674
1526051078.2492173 93461
1526051140.418035 93862
1526051202.576857 94566
1526051264.0346267 94775
1526051325.4049733 94375
1526051387.6779008 94024
1526051449.0956206 94187
1526051511.6592116 93817
1526051572.9510536 94130
1526051635.6170306 94112
1526051700.1094615 94002
1526051761.9085808 93810
1526051825.396705 93863
1526051886.7552328 93778
1526051948.2410955 94196
1526052010.4617965 94264
1526052073.2481444 94029
1526052134.9585705 93710
1526052197.9416738 93219
1526052259.7168593 93351
1526052321.257778 93092
1526052383.694812 92792
1526052446.420771 92502
1526052509.6623836 92350
1526052571.1514268 92347
1526052632.482656 91878
1526052695.739541 91789
1526052758.8346207 91530
1526052820.1310618 91212
1526052881.4942918 91084
1526052942.8300037 91817
1526053006.0689785 91549
1526053067.970421 91535
1526053129.8972225 91556
1526053191.080874 91530
1526053252.9366236 91003
1526053314.3171978 91143
1526053375.642848 90990
1526053437.0791605 90547
1526053503.41814 90857
1526053566.0166378 90511
1526053627.3394203 90711
1526053690.4835927 90612
1526053751.8552752 90828
1526053816.0178485 90627
1526053882.6961334 89779
1526053944.8666303 89733
1526054006.5083187 89687
1526054069.3917432 89795
1526054130.9161377 89423
1526054192.133325 89744
1526054253.6941814 89342
1526054315.9280074 89650
1526054377.5903928 89757
