1526054439.1786015 89426
1526054501.203169 89106
1526054563.0915828 89099
1526054624.69716 89123
1526054686.1851075 89076
1526054749.2245717 88701
1526054810.4876034 88701
1526054872.094303 91884
1526054933.8520703 91476
1526054994.9575942 91637
1526055056.1535819 91379
1526055118.4228768 91371
1526055180.1272957 91422
1526055242.2358174 91232
1526055303.7780864 91232
1526055365.1573536 91120
1526055426.4793916 91580
1526055487.9114425 90985
1526055549.6745443 91265
1526055611.372561 91207
1526055673.0690105 91045
1526055735.6370597 90319
1526055797.5017643 90512
1526055858.8494675 90517
1526055919.9145634 90391
1526055981.4024303 90391
1526056042.6937687 90717
1526056105.096436 90808
1526056167.298686 90491
1526056229.2101638 90471
1526056290.5548995 90682
1526056351.7770917 90730
1526056413.3353062 90597
1526056475.5172765 90581
1526056537.4220562 90248
1526056600.0398388 90430
1526056661.4009268 90026
1526056722.8565125 89911
1526056784.086943 89589
1526056845.5839798 89508
1526056906.7048771 89588
1526056968.2690015 89824
1526057029.38506 89588
1526057090.5057328 89582
1526057151.6005766 89874
1526057212.6357543 89551
1526057274.1374564 88641
1526057335.9021225 88775
1526057397.1930275 88366
1526057458.3625076 88221
1526057519.4606571 88241
1526057581.0093005 88775
1526057642.217362 88295
1526057703.6330981 87813
1526057765.8197458 88126
1526057826.9192667 87989
1526057887.9835162 88005
1526057949.0603235 88215
1526058010.5110612 88148
1526058072.4700282 87868
1526058133.5721214 87895
1526058194.687108 88269
1526058256.2179503 88020
1526058317.389725 88053
1526058378.449635 88145
1526058439.5935829 87930
1526058500.7628686 87702
1526058562.0377982 87660
1526058623.1582446 82831
1526058684.2257621 82949
1526058749.7432475 82915
1526058810.891777 82718
1526058872.3514 82677
1526058933.9081237 82545
1526058994.938913 82513
1526059056.0687976 82097
1526059117.8531 82153
1526059178.9906106 82083
1526059241.2740989 82091
1526059302.5915554 82254
1526059363.6847515 82146
1526059424.7373407 82184
1526059485.8807006 82202
1526059547.0351546 82119
1526059608.1128373 81814
1526059669.1742666 81656
1526059730.4536285 81607
1526059791.9385324 81497
1526059853.2076538 81609
1526059915.1707964 81764
1526059976.3055506 81721
1526060037.403652 81805
1526060098.6265442 81728
1526060159.7362945 81714
1526060220.9669735 81424
1526060282.054957 81462
1526060343.221671 81722
1526060404.5268505 81128
1526060465.650784 81373
1526060527.3440914 81111
1526060588.573289 80762
1526060649.9013863 80762
1526060711.0916588 86129
1526060772.32509 86271
1526060833.575516 86326
1526060894.8608327 86616
1526060956.0293813 86466
1526061017.3792112 86838
1526061078.722082 86666
1526061140.9311202 86930
1526061202.2698178 87281
1526061264.1349046 87569
1526061325.4128509 87331
1526061386.704029 87680
1526061447.8607752 88280
1526061508.9354181 87906
1526061569.9763153 88136
1526061632.244241 88524
1526061694.3182454 88724
1526061755.3791962 88334
1526061816.442665 88241
1526061877.5951886 88369
1526061938.6919515 88592
1526061999.9400446 88354
1526062062.217194 88044
1526062123.61661 88025
1526062185.1488328 88489
1526062246.498707 88657
1526062307.561543 88293
1526062369.3051372 88259
1526062430.366647 87862
1526062491.4247117 88153
1526062552.53227 88157
1526062614.2340727 87888
1526062676.0382175 87698
1526062737.330412 87568
1526062798.3907907 87565
1526062859.8574858 87648
1526062920.9645307 88002
1526062982.4976676 88530
1526063043.8670652 88522
1526063104.960681 88625
1526063165.959971 88295
1526063227.2329211 88295
1526063288.3227818 89197
1526063349.515224 88909
1526063410.594925 88842
1526063471.6783888 88548
1526063532.742087 88641
1526063593.7996535 88813
1526063654.8973644 88981
1526063715.9113698 88923
1526063777.090812 88636
1526063838.6269898 88809
1526063899.8896523 88747
1526063961.3433077 88716
1526064022.48013 88525
1526064084.5814605 88422
1526064145.6551077 89070
1526064206.9059534 88859
1526064269.2900586 88902
1526064330.405702 88401
1526064391.5052755 88578
1526064452.5683758 88677
1526064513.6730542 88615
1526064574.7905385 88431
1526064635.8481932 88698
1526064696.9191625 88140
1526064757.9969323 87818
1526064819.093652 88248
1526064880.186857 88144
1526064941.251594 88153
1526065002.550158 87944
1526065064.0162816 87655
1526065125.0804882 87638
1526065186.1716442 87348
1526065247.2251518 87367
1526065308.4713218 87056
1526065369.562784 86823
1526065430.679792 87002
1526065491.768307 84807
1526065552.8304675 84659
1526065613.8891122 84604
1526065674.9533718 84607
1526065736.4000626 84742
1526065797.4618127 84717
1526065858.514136 84241
1526065919.5714955 84799
1526065980.8655663 84528
1526066041.9587996 84577
1526066103.2633183 84199
1526066164.3618455 83942
1526066225.4563336 84160
1526066287.1941428 84249
1526066348.2388709 84293
1526066409.4365408 83839
1526066470.4991333 83354
1526066531.5984123 83352
1526066592.8588903 83722
1526066653.9550927 83981
1526066715.0216677 83622
1526066776.0750382 82802
1526066837.2015293 82755
1526066898.4580655 81614
1526066959.5783205 81787
1526067020.6863487 81242
1526067081.7782784 80664
1526067142.8396537 80852
1526067203.8959937 80894
1526067264.9243162 80507
1526067326.2102106 80751
1526067387.306334 80693
1526067448.365832 80768
1526067509.4691317 80485
1526067570.5321214 80216
1526067632.2614727 80225
1526067693.5952399 80309
1526067754.6649258 80226
1526067815.7773159 79471
1526067876.8405826 79485
1526067937.882337 79869
1526067998.8848498 79817
1526068059.965679 79400
1526068121.0302846 79667
1526068182.1387417 79731
1526068243.188545 79687
1526068304.246093 79205
1526068365.3122575 79047
1526068426.4099705 78855
1526068487.4676125 79277
1526068548.5587125 79274
1526068609.6627285 79206
1526068670.7210271 79577
1526068731.7888803 79571
1526068793.1090744 79386
1526068854.1672966 79180
1526068915.2240875 79178
1526068976.3237915 78999
1526069037.7168257 79153
1526069098.8072119 79020
1526069159.8539891 79053
1526069220.9183693 78945
1526069282.0268478 78747
1526069343.0846605 79017
1526069404.145066 78965
1526069465.2344966 78469
1526069526.335205 78434
1526069587.6243162 78967
1526069648.7234025 79250
1526069709.7803485 79436
1526069770.8786092 79051
1526069831.9715664 78305
1526069893.0461335 78428
1526069954.1132064 78724
1526070015.1717014 78671
1526070076.2341383 78587
1526070137.313042 78325
1526070198.3963854 78128
1526070259.511573 77871
1526070320.5653212 77480
1526070381.6333997 77682
1526070442.7304246 77269
1526070503.7874222 77505
1526070565.3470838 77289
1526070626.434979 77058
1526070687.5299075 76863
1526070748.5835881 76671
1526070809.6536973 76525
1526070870.7905798 76525
1526070932.4205554 80048
1526070993.4694824 80149
1526071054.5310063 79490
1526071115.6285896 79362
1526071176.6914282 80596
1526071237.9872797 80262
1526071299.056938 80144
1526071360.1519084 79736
1526071421.202759 79618
1526071482.2868843 80298
1526071543.3480334 80188
1526071604.4056833 80583
1526071665.4636233 80489
1526071726.5242498 79949
1526071787.6364572 79810
1526071848.7429097 79974
1526071909.8340657 80297
1526071970.9581826 77118
1526072032.030646 77067
1526072093.1260579 76780
1526072154.1779044 76893
1526072215.2393737 76526
1526072276.2981384 76316
1526072337.3546798 76316
1526072398.388409 76316
1526072459.477017 76288
1526072520.5801945 78750
1526072581.6757066 78415
1526072642.7353523 78387
1526072703.830902 78600
1526072764.892289 78465
1526072825.9907377 78163
1526072887.0258925 78123
1526072948.1196108 78282
1526073009.2029865 77703
1526073070.2643802 77472
1526073131.3218148 77692
1526073192.415028 77630
1526073253.4777048 77590
1526073314.5564675 77631
1526073375.5802407 77650
1526073436.6374598 77009
1526073497.6969764 76875
1526073558.7992814 76894
1526073619.898588 76755
1526073680.9989853 76442
1526073742.0568635 77377
1526073803.115619 77083
1526073864.8611293 76284
1526073925.9112384 76454
1526073987.0158145 76175
1526074048.0792618 76405
1526074109.1469421 76371
1526074170.1645918 76216
1526074231.2223735 78843
1526074292.2964008 80480
1526074353.3558114 80368
1526074414.4760594 80071
1526074475.57176 79881
1526074536.6310484 79948
1526074597.7069004 79936
1526074658.8026872 80118
1526074719.8916895 79925
1526074781.035601 80051
1526074842.0985372 79792
1526074903.1700573 79401
1526074964.317833 79214
1526075025.3846624 79114
1526075086.4607277 79215
1526075147.5774448 78929
1526075208.648038 78727
1526075269.7797184 78637
1526075330.8527038 78212
1526075391.9408445 78119
1526075453.0368574 78389
1526075514.0950963 77909
1526075576.0100791 77673
1526075637.1016388 77452
1526075698.2221754 77512
1526075759.2865303 77584
1526075820.3883483 77477
1526075881.492473 77431
1526075942.6023557 77574
1526076003.6988766 77724
1526076064.7678216 77896
1526076125.9352005 77699
1526076187.0722518 77418
1526076248.1775315 77494
1526076309.2384484 77607
1526076370.315795 77501
1526076431.3784294 77416
1526076492.4750445 76471
1526076553.5877807 76001
1526076614.6424797 75668
1526076675.7125587 76169
1526076736.7692018 75850
1526076797.8216236 75511
1526076858.9216232 75133
1526076919.9843423 75002
1526076981.0823245 74605
1526077042.177417 74528
1526077103.3039584 74598
1526077164.3545945 74335
1526077225.4260788 74347
1526077286.5167518 74549
1526077347.6103969 74427
1526077408.7108548 74243
1526077469.8178296 73996
1526077530.870843 73950
1526077591.9826674 74567
1526077653.0088923 74547
1526077714.1303904 74410
1526077775.21493 74435
1526077836.317354 74074
1526077897.413662 73799
1526077958.5012882 73729
1526078019.59742 74297
1526078080.664468 74085
1526078141.9085753 74319
1526078203.467169 74325
1526078264.5618553 73979
1526078325.5915966 73772
1526078386.6905396 73468
1526078447.8081732 72788
1526078508.9022465 72755
1526078569.9982219 72822
1526078631.0553906 72723
1526078692.1209283 72499
1526078753.2143564 72044
1526078814.314451 71842
1526078875.4180145 71662
1526078936.4739501 71188
1526078997.5336895 71503
1526079058.5857193 71680
1526079119.6457536 71683
1526079180.708938 71438
1526079242.433304 71005
1526079303.5295758 70658
1526079364.6000247 70517
1526079425.6913886 70732
1526079486.8225553 70269
1526079547.878365 70041
1526079608.9776309 69771
1526079670.0941126 69627
1526079731.1972938 69192
1526079792.2611427 69358
1526079853.3173127 69011
1526079914.4151998 68948
1526079975.4784894 68595
1526080036.589416 68432
1526080097.6507947 68058
1526080158.7370322 67977
1526080219.8548107 67964
1526080280.873431 67936
1526080341.9267082 68274
1526080403.4976645 66763
1526080464.6023607 66855
1526080525.648819 66611
1526080586.7507591 66264
1526080648.2238965 66378
1526080709.5965466 66146
1526080770.6528926 66460
1526080831.7552774 65922
1526080892.811652 65795
1526080953.9136004 65687
1526081014.9767663 65890
1526081076.0369642 65851
1526081137.0974927 63349
1526081198.2030892 63468
1526081259.261221 63091
1526081320.3509386 63044
1526081381.4350975 63256
1526081442.4939783 63299
1526081503.5459042 62794
1526081564.6477957 62361
1526081625.701465 62561
1526081686.7833107 61829
1526081747.8684387 61802
1526081808.9231777 63029
1526081870.0118554 62976
1526081931.0884748 62906
1526081992.1478212 63069
1526082053.2563832 63218
1526082114.3169556 63050
1526082175.4114857 63009
1526082236.4603784 63106
1526082297.5473797 63171
1526082358.6014776 63026
1526082419.6870775 63248
1526082480.7374268 63138
1526082541.7731943 63108
1526082602.8553815 62880
1526082663.960519 63133
1526082725.06252 62920
1526082786.11982 62698
1526082847.5344787 67202
1526082908.6152203 67249
1526082969.7435763 66744
1526083030.834825 66392
1526083091.9007335 66280
1526083152.9943879 66572
1526083214.052014 66694
1526083275.154179 66961
1526083336.1996388 67049
1526083397.2943203 66934
1526083458.3604915 66710
1526083519.4511662 66515
1526083580.5361915 65860
1526083642.1640193 65783
1526083703.215694 65809
1526083764.2615144 65836
1526083825.3233616 65558
1526083886.33867 65360
1526083947.3844035 65366
1526084008.5224414 65862
1526084069.5869658 65735
1526084130.6827178 66071
1526084191.7401457 65995
1526084252.8035634 66163
1526084313.9028783 65839
1526084374.962551 65881
1526084436.0120692 65564
1526084497.5644457 65409
1526084558.6950421 65146
1526084619.7402008 65146
1526084681.2525096 66218
1526084742.365221 66178
1526084803.4318402 66475
1526084864.5271964 66146
1526084925.5846894 66562
1526084988.4977345 66686
1526085049.589415 66299
1526085110.5999188 66299
1526085171.6934624 66214
1526085232.7873807 66214
1526085293.883676 66926
1526085354.9849637 67048
1526085416.0974753 67442
1526085477.2789514 67499
1526085538.3671951 67160
1526085599.4555347 67359
1526085660.55403 67608
1526085721.6664984 66816
1526085782.7286313 66176
1526085843.772195 66187
1526085904.8537283 66243
1526085965.9639294 65833
1526086027.0371642 66017
1526086088.1369886 65925
1526086149.233839 65827
1526086210.2875347 65602
1526086271.3398714 65871
1526086332.4083228 65340
1526086393.475212 65388
1526086454.8359885 65710
1526086515.9412274 65224
1526086577.0394454 65244
1526086638.0943687 65033
1526086699.1536558 65098
1526086760.920482 65172
1526086821.972126 64707
1526086883.0299969 64544
1526086944.0788825 64992
1526087005.1535218 64735
1526087067.0672498 64950
1526087128.1544738 64930
1526087189.2900565 64956
1526087251.521498 64731
1526087312.5712466 64987
1526087373.6426263 64829
1526087434.696005 64263
1526087495.7781844 64459
1526087556.8417895 64832
1526087617.9325883 64702
1526087679.0268762 64788
1526087740.105581 64675
1526087801.1547503 64618
1526087862.2038078 64123
1526087923.2987044 64020
1526087984.3496935 64151
1526088045.3945992 64323
1526088106.4662864 64093
1526088167.5594232 64277
1526088228.5571702 64201
1526088289.6217973 64038
1526088350.719244 64033
1526088411.8219755 64414
1526088472.8779924 64286
1526088533.9762406 64338
1526088595.0779696 64575
1526088656.159538 64370
1526088717.498128 64657
1526088778.5784092 64864
1526088839.6901553 64863
1526088900.94261 64509
1526088962.0117295 64081
1526089023.1187904 64081
1526089084.176184 66010
1526089145.2662735 66063
1526089206.35032 65983
1526089267.455232 65864
1526089328.7067115 65732
1526089389.8132842 65813
1526089450.9694803 66041
1526089512.0711043 65903
1526089573.344778 65634
1526089634.3921592 65660
1526089696.8009746 65671
1526089757.900415 65732
1526089818.971112 65531
1526089880.0356743 65096
1526089941.5518405 65326
1526090002.6083806 65233
1526090063.7054012 65364
1526090125.1278327 65644
1526090186.1907651 65560
1526090247.2534301 65599
1526090308.7388062 65208
1526090370.476702 65151
1526090432.4844918 65445
1526090493.5331995 65433
1526090554.9228551 65342
1526090616.0229144 65318
1526090677.0722558 65120
1526090738.3594856 65322
1526090800.2836022 65553
1526090861.5814419 65555
1526090922.6437724 64910
1526090983.9107547 64725
1526091044.9760704 64797
1526091106.0715551 64984
1526091167.172798 64709
1526091228.2807574 65086
1526091289.3673081 64284
1526091350.4671552 64822
1526091411.6322389 64657
1526091472.6972294 64544
1526091534.1876023 64755
1526091595.5461962 64573
1526091657.0485566 68346
1526091719.3968608 68610
1526091781.1691318 68728
1526091842.4695485 68741
1526091904.9861479 68318
1526091966.0944202 68245
1526092027.852698 68088
1526092088.9307024 68562
1526092150.0179245 68206
1526092211.1147997 67954
1526092272.5589385 67493
1526092334.4907527 67493
1526092396.7574978 67908
1526092457.866161 67776
1526092518.9396207 67758
1526092580.5769928 67681
1526092641.6711423 67644
1526092702.736225 67634
1526092764.0415714 67909
1526092825.0855634 67957
1526092886.137128 68033
1526092947.2017102 67712
1526093008.3308291 67216
1526093069.385395 67199
1526093130.490233 67126
1526093191.5568223 67198
1526093252.653453 67459
1526093313.7426567 67543
1526093374.882515 68165
1526093436.1610637 68139
1526093497.2209353 67522
1526093558.2745192 67415
1526093619.3706448 67719
1526093681.3275213 67458
1526093742.3734117 67701
1526093803.4537315 67619
1526093864.7566411 67949
1526093926.8638346 67585
1526093989.026002 67793
1526094050.0721931 68284
1526094111.23202 68181
1526094172.9999032 67772
1526094234.2251868 68130
1526094296.2673688 67943
1526094357.3663716 67967
1526094419.002558 68117
1526094480.2612672 68065
1526094541.325 67818
1526094603.3265738 67847
1526094664.9114516 67939
1526094726.0112684 68263
1526094787.1062758 68066
1526094848.3672814 67877
1526094910.9642613 68143
1526094972.0611293 68535
1526095033.3787847 68350
1526095095.221662 68552
1526095156.9046638 68231
1526095218.0056992 68700
1526095279.2653625 68256
1526095340.7874403 68685
1526095401.8358877 68741
1526095462.89389 68775
1526095523.9518752 68736
1526095584.993418 68312
1526095647.173122 68613
1526095708.2293625 68244
1526095769.268187 68128
1526095830.694158 68622
1526095891.8060791 68554
1526095953.4931493 68282
1526096014.53571 68157
1526096075.5960186 68179
1526096136.6455073 68502
1526096197.7026854 68465
1526096258.7757294 68477
1526096319.8421168 68677
1526096381.7767098 68615
1526096443.035961 68110
1526096505.8322198 68466
1526096566.9366584 68322
1526096628.2414412 68015
1526096690.024536 68230
1526096751.0786195 68387
1526096812.3424652 68166
1526096873.618048 68114
1526096934.9140632 68110
1526096996.2535377 68093
1526097059.3538363 67970
1526097120.8094327 68534
1526097183.3771303 68410
1526097244.9636254 68566
1526097306.0097706 68476
1526097367.106919 68670
1526097428.8408678 68155
1526097489.9379365 68110
1526097551.045996 68111
1526097612.1618915 68259
1526097673.6225615 68257
1526097734.7229347 68259
1526097795.821546 68249
1526097858.2345393 68281
1526097920.3163013 66141
1526097981.6243484 66219
1526098042.718343 66465
1526098103.7399786 66248
1526098165.252807 66229
1526098226.3551285 65790
1526098287.6412463 65813
1526098349.5718 65619
1526098410.627943 65817
1526098473.0209587 65633
1526098534.0925977 65550
1526098596.1832273 65400
1526098658.5810316 65400
1526098719.851982 67578
1526098781.2756174 67618
1526098842.347665 67188
1526098903.411335 67038
1526098964.9672582 67225
1526099025.9674883 67258
1526099087.0283668 67340
1526099148.08604 67114
1526099209.852877 67093
1526099271.3391347 67209
1526099347.5867512 67429
1526099409.369789 66998
1526099470.846805 66931
1526099532.6040912 66433
1526099593.866587 66588
1526099655.8789723 67089
1526099716.9332838 66616
1526099778.0079675 66793
1526099839.0998476 66511
1526099902.278153 66776
1526099963.7336473 65971
1526100024.8283732 66231
1526100085.9191349 66168
1526100147.0075836 66042
1526100208.2733486 66336
1526100269.3331995 66244
1526100330.7815437 66253
1526100391.880624 66600
1526100453.0959432 66134
1526100514.577925 65901
1526100576.2594886 66155
1526100637.321283 65840
1526100699.0534294 66011
1526100760.512992 65876
1526100821.5774446 65742
1526100883.7142098 65650
1526100944.7647295 65760
1526101005.977854 65471
1526101067.3884187 65612
1526101128.4832394 65348
1526101189.5525198 65483
1526101251.563253 65344
1526101313.4348087 65161
1526101374.5429099 65117
1526101436.2025301 65202
1526101497.267649 65362
1526101558.5285285 65650
1526101620.1963673 65554
1526101681.487607 65548
1526101743.245878 65566
1526101804.3236873 65477
1526101865.4182894 65463
1526101926.5102088 65422
1526101987.573 65466
1526102049.038099 65562
1526102110.1458938 65790
1526102171.2521698 65405
1526102233.165038 65170
1526102294.889141 65170
1526102356.5965087 66626
1526102417.8534245 66262
1526102478.9484735 65933
1526102540.0035198 65739
1526102601.0696397 65587
1526102663.1582031 65781
1526102724.6181288 65773
1526102786.080332 65464
1526102847.4097602 65628
1526102908.6090763 65459
1526102970.1731198 65426
1526103031.2799902 65393
1526103093.0816808 65303
1526103154.991569 65567
1526103218.404103 65201
1526103279.5788937 65331
1526103341.0133724 65401
1526103402.1662574 65039
1526103464.2399204 65018
1526103525.8086526 64926
1526103587.7912543 64921
1526103649.5305586 65114
1526103711.8129857 64981
1526103773.5149672 65072
1526103834.8374991 61628
1526103896.3213649 61739
1526103957.7734988 62318
1526104018.8703659 62470
1526104080.5012774 61961
1526104141.5762286 61849
1526104202.7055924 61399
1526104263.7850835 61282
1526104325.1067557 61132
1526104386.2040951 60790
1526104447.3025117 60749
1526104508.613802 60169
1526104570.5565865 60000
1526104631.6285577 59966
1526104692.6927679 63010
1526104753.951707 62830
1526104815.017403 63196
1526104876.1579647 63473
1526104937.3915806 63399
1526104998.4465485 63358
1526105059.785938 63173
1526105120.8393931 63567
1526105182.5685124 63279
1526105243.7811928 62862
1526105305.0525165 63091
1526105366.1457353 63260
1526105428.0302403 62321
1526105489.077433 61946
1526105550.165736 62038
1526105611.2577524 62217
1526105672.993359 62064
1526105735.4832644 62109
1526105796.5275257 61679
1526105858.478652 61943
1526105919.5382304 62193
1526105981.4250267 62304
1526106042.5237079 62106
1526106104.5273054 62246
1526106167.0503902 61910
1526106228.4931026 62135
1526106291.638684 62016
1526106352.7269962 61102
1526106414.0899172 61300
1526106475.1793957 61364
1526106536.291044 61722
1526106597.9962358 61608
1526106659.2618785 61625
1526106720.337133 62043
1526106781.3906283 61727
1526106842.4496143 61883
1526106904.3970213 62203
1526106965.4560783 62169
1526107026.6940942 62230
1526107087.9911985 62265
1526107149.0912952 62063
1526107211.4957323 61895
1526107272.595645 62035
1526107333.658516 62211
1526107395.1344752 61805
1526107456.2239113 61636
1526107517.3098192 61615
1526107578.365498 62025
1526107641.8324306 62057
1526107704.2944062 62057
1526107766.2523763 62780
1526107827.9566836 62576
1526107889.0123975 62484
1526107950.4447143 62495
1526108012.1048965 62323
1526108073.3780966 62205
1526108134.4473286 62025
1526108196.011086 61793
1526108257.5361233 61768
1526108318.6591222 61471
1526108380.3816404 61528
1526108441.9293032 61365
1526108503.3864045 61626
1526108565.531846 61282
1526108627.3297517 61149
1526108689.1136184 61046
1526108750.4769547 62903
1526108812.7913432 62652
1526108874.027361 62663
1526108935.2221658 62689
1526108996.2931488 62649
1526109058.7381654 62831
1526109119.8603551 63026
1526109180.9720707 62936
1526109242.069191 62984
1526109303.1886082 63136
1526109364.2692363 63022
1526109425.6086047 63383
1526109486.7289534 63112
1526109547.8042936 63158
1526109608.9165366 63239
1526109670.021732 63233
1526109731.2622395 63181
1526109794.255707 63070
1526109855.3329635 62998
1526109916.5744216 62501
1526109977.8568668 62864
1526110039.1115181 63023
1526110100.8247387 62880
1526110162.1463017 62914
1526110223.3783345 62761
1526110284.4871962 63066
1526110346.5738807 62857
1526110408.0223205 62702
1526110469.1689823 63312
1526110530.4796696 63020
1526110591.982392 63188
1526110653.6791716 62844
1526110715.5754988 63264
1526110778.0097017 62697
1526110840.162344 63689
1526110901.6301258 63212
1526110963.754761 63333
1526111026.3528466 63298
1526111088.3025818 62949
1526111149.8124034 63397
1526111210.920102 63148
1526111272.7184098 62967
1526111334.0075133 63291
1526111395.356031 63392
1526111456.4326258 63389
1526111517.5364008 63543
1526111578.8381195 64570
1526111639.9067166 64680
1526111701.3924468 64801
1526111762.4955764 64512
1526111823.9779603 64192
1526111885.6882567 64841
1526111946.7960598 65377
1526112008.5622928 65039
1526112070.5163682 65019
1526112132.9207928 64804
1526112193.9992688 64920
1526112255.2585087 65012
1526112316.568482 65200
1526112377.8750584 65161
1526112459.4313543 65522
1526112521.0973122 65286
1526112583.0627656 65193
1526112644.3735306 64790
1526112706.8124416 64503
1526112767.905364 63811
1526112829.247745 65714
1526112891.5809357 65415
1526112952.8938925 65635
1526113013.9710014 65724
1526113075.2423148 65413
1526113137.3520257 65314
1526113198.9523048 65887
1526113260.0636697 65947
1526113321.376177 66247
1526113383.0956674 66298
1526113444.4240265 66580
1526113505.5320492 66596
1526113566.6429253 66671
1526113627.9568055 66650
1526113689.0365717 69226
1526113753.1517699 69126
1526113814.1740026 68882
1526113875.2455544 69373
1526113936.3272793 69596
1526114009.1826594 69290
1526114070.6641157 67795
1526114132.3930104 66773
1526114194.2168562 67079
1526114256.1309407 67052
1526114318.5780566 67420
1526114380.5593832 66957
1526114442.3643446 66862
1526114503.6440957 66860
1526114565.839793 66802
1526114627.5036454 68296
1526114689.1624558 67853
1526114751.2964358 67596
1526114812.3703513 67704
1526114873.4751456 67800
1526114934.5446877 68378
1526114995.5904682 68271
1526115057.3349319 68632
1526115118.4514506 68137
1526115179.7591588 68129
1526115240.8392906 68485
1526115302.1584554 68237
1526115363.2276778 68249
1526115425.0277183 68213
1526115486.1548965 67959
1526115547.4453635 67854
1526115608.7612069 68389
1526115669.785588 67688
1526115730.8967035 67632
1526115791.991095 67714
1526115853.1148963 67783
1526115914.5746343 67802
1526115975.6747108 67734
1526116037.4436195 67404
1526116098.5164976 67482
1526116160.2252984 67035
1526116221.3463416 66955
1526116283.0986881 67252
1526116344.3713744 67329
1526116405.454771 67044
1526116467.0505688 67662
1526116528.1670003 66563
1526116589.6770608 66689
1526116650.7381058 67032
1526116712.534112 66722
1526116774.0236862 66743
1526116835.11728 66742
1526116896.4384727 66764
1526116958.2255626 66842
1526117020.1799214 67038
1526117081.965752 67002
1526117144.3584638 66531
1526117205.412317 66547
1526117266.948328 66544
1526117328.0042386 66712
1526117390.5493646 66248
1526117451.6384492 66315
1526117513.5638323 66190
1526117574.618641 66112
1526117635.6828985 66287
1526117696.9733796 66535
1526117758.0584102 66663
1526117820.549174 67021
1526117882.0137289 66900
1526117943.1146655 66736
1526118004.2138643 66482
1526118065.2734973 66734
1526118126.568296 67118
1526118187.6751237 67334
1526118248.9514024 67474
1526118310.0338302 67103
1526118371.1300464 66914
1526118432.4644203 66946
1526118493.5203445 66866
1526118555.3350804 67144
1526118616.400801 66905
1526118678.7347274 67147
1526118739.7866623 67406
1526118800.8433936 67582
1526118861.9068623 67570
1526118923.0089712 67361
1526118984.109906 67546
1526119045.2126138 67438
1526119106.5227795 67255
1526119167.618662 67053
1526119229.2510684 66865
1526119290.330256 66963
1526119351.5881007 67089
1526119413.307415 66804
1526119474.6657574 66804
1526119535.6770666 71419
1526119596.7030888 71274
1526119657.814023 70869
1526119719.1034205 70777
1526119781.1867568 70885
1526119843.2434878 70674
1526119904.3702164 70551
1526119965.4479299 70367
1526120027.2050636 70557
1526120088.2638392 70590
1526120150.7413716 70880
1526120212.1628308 71095
1526120273.2570355 71514
1526120334.5512586 71689
1526120395.6078386 71257
1526120457.346169 71281
1526120518.4059918 71177
1526120580.5493603 71298
1526120641.63453 71358
1526120702.8847554 70730
1526120764.1506343 70990
1526120825.2020016 70964
1526120887.480945 70966
1526120949.2174613 71152
1526121010.2691395 71097
1526121071.3580713 71020
1526121132.4159334 72347
1526121194.8595042 72579
1526121255.9228563 72436
1526121317.0259166 72165
1526121378.2872965 72361
1526121439.3519669 72264
1526121501.1226358 72418
1526121562.393117 72402
1526121623.87581 72505
1526121684.9340816 72465
1526121746.5260248 72060
1526121807.569527 71810
1526121869.0288885 72015
1526121930.1313317 71936
1526121991.4376082 72015
1526122052.5078726 72125
1526122113.5780106 72221
1526122174.6651707 72392
1526122235.7660992 72097
1526122296.8798566 72054
1526122358.156069 72030
1526122419.8574772 72281
1526122482.3470144 72420
1526122544.0349245 71982
1526122605.1303787 72160
1526122666.9044414 72079
1526122727.9648297 71980
1526122789.4501643 71508
1526122850.618089 71648
1526122912.204519 72005
1526122973.6869612 71488
1526123034.7910862 71712
1526123096.220656 71399
1526123158.2092738 71341
1526123219.991122 71797
